1
4
9
11
12
17
19
20
22
27
28
29
34
39
41
45
49
53
54
58
61
64
66
68
73
74
77
81
82
85
89
94
97
100
102
107
112
116
120
121
122
125
130
131
133
134
138
140
143
147
152
155
158
159
160
163
165
166
167
168
171
175
180
181
183
187
191
192
197
198
199
203
204
208
212
215
217
222
226
228
229
231
232
236
239
242
244
245
248
249
253
256
260
261
264
269
270
273
274
275
277
280
283
287
288
293
295
299
301
303
308
309
312
313
314
319
320
324
325
327
329
330
332
335
338
341
345
347
351
353
354
359
361
364
367
368
370
374
378
379
380
381
384
385
388
392
394
396
397
398
399
404
409
410
413
416
419
422
424
429
433
436
437
438
439
441
445
447
451
455
460
462
464
465
469
472
475
480
485
490
491
496
498
501
503
507
510
513
516
520
524
526
528
530
532
533
538
542
546
548
551
552
556
558
560
565
568
570
573
576
579
580
581
583
588
589
590
594
598
599
600
602
604
607
612